1
1,1
1 41917U 17003A   21126.67132841  .00000101  00000-0  28928-4 0  9992
2 41917  86.3962 148.9662 0001977  87.2899 272.8523 14.34216938225538
2
1,2
1 41919U 17003C   21126.31613442  .00000088  00000-0  24310-4 0  9991
2 41919  86.3963 149.0491 0002345  87.8459 272.3005 14.34219423225476
3
1,3
1 41918U 17003B   21126.58886387  .00000096  00000-0  27066-4 0  9999
2 41918  86.3961 148.9067 0002517  83.8865 276.2617 14.34219356225554
4
1,4
1 41923U 17003G   21126.44298619  .00000090  00000-0  24897-4 0  9998
2 41923  86.3962 148.9629 0002151  98.0934 262.0506 14.34215962225564
5
1,5
1 41922U 17003F   21126.57617842  .00000096  00000-0  27110-4 0  9991
2 41922  86.3957 148.9186 0002071  83.8423 276.3009 14.34216551225584
6
1,6
1 41925U 17003J   21126.43030625  .00000094  00000-0  26349-4 0  9998
2 41925  86.3958 148.8983 0002403 100.5175 259.6292 14.34218107225567
7
1,7
1 41920U 17003D   21126.91233503  .00000096  00000-0  27325-4 0  9993
2 41920  86.3961 148.7636 0002554  92.8946 267.2542 14.34215031225641
8
1,8
1 41926U 17003K   21126.69669843  .00000098  00000-0  27797-4 0  9999
2 41926  86.3959 148.8170 0002435  84.1111 276.0362 14.34218164225585
9
1,9
1 43481U 18047F   21126.48104596  .00000095  00000-0  26977-4 0  9998
2 43481  86.3960 148.9409 0002094  85.4160 274.7275 14.34217716154772
10
1,10
1 43480U 18047E   21126.47470139  .00000099  00000-0  28361-4 0  9998
2 43480  86.3958 148.9014 0002563  90.5774 269.5715 14.34216605154787
11
1,11
1 43479U 18047D   21126.46835671  .00000099  00000-0  28259-4 0  9997
2 43479  86.3957 148.9312 0002314  99.0996 261.0462 14.34215290154795
12
2,1
1 41921U 17003E   21126.95279884  .00000091  00000-0  25513-4 0  9992
2 41921  86.3934 117.1486 0001851  76.0780 284.0622 14.34220947227509
13
2,2
1 43574U 18061F   21126.94697593  .00000085  00000-0  23331-4 0  9992
2 43574  86.3931 117.1252 0002510  91.8971 268.2512 14.34216691145774
14
2,3
1 43570U 18061B   21126.94062650  .00000079  00000-0  21306-4 0  9991
2 43570  86.3930 117.1048 0002014  88.0616 272.0811 14.34216239145767
15
2,4
1 43572U 18061D   21126.93429477  .00000082  00000-0  22299-4 0  9992
2 43572  86.3930 117.1272 0002117  94.3101 265.8337 14.34217759145751
16
2,5
1 43575U 18061G   21126.92794318  .00000082  00000-0  22149-4 0  9997
2 43575  86.3928 117.1053 0001972 100.9933 259.1484 14.34216658145748
17
2,6
1 43578U 18061K   21126.92160502  .00000083  00000-0  22414-4 0  9998
2 43578  86.3927 117.1009 0002403  91.5397 268.6075 14.34218692145741
18
2,7
1 43569U 18061A   21126.91526667  .00000075  00000-0  19561-4 0  9995
2 43569  86.3930 117.1391 0002488  92.6683 267.4798 14.34216759145732
19
2,8
1 43571U 18061C   21126.90892432  .00000080  00000-0  21539-4 0  9997
2 43571  86.3930 117.1259 0002187  94.6652 265.4793 14.34216454145726
20
2,9
1 43576U 18061H   21126.90258216  .00000078  00000-0  20959-4 0  9990
2 43576  86.3928 117.1210 0001922  87.4248 272.7168 14.34217984145739
21
2,10
1 43573U 18061E   21126.89623258  .00000084  00000-0  23015-4 0  9990
2 43573  86.3927 117.1018 0002168  75.8512 284.2924 14.34217039145716
22
2,11
1 41924U 17003H   21126.95965867  .00000087  00000-0  24086-4 0  9997
2 41924  86.3928 117.1456 0001947  86.8446 273.2972 14.34218825227472
23
3,1
1 42956U 17061B   21126.94989979  .00000082  00000-0  22323-4 0  9993
2 42956  86.3952  85.5323 0002204  84.6638 275.4809 14.34216538187165
24
3,2
1 42958U 17061D   21126.94355084  .00000076  00000-0  19964-4 0  9999
2 42958  86.3954  85.5780 0002519  79.4662 280.6817 14.34215581187168
25
3,3
1 42961U 17061G   21126.93719981  .00000081  00000-0  21842-4 0  9996
2 42961  86.3954  85.5669 0002127  78.3771 281.7663 14.34220126187186
26
3,4
1 42960U 17061F   21126.93086969  .00000084  00000-0  23036-4 0  9998
2 42960  86.3954  85.5794 0002279  81.8434 278.3020 14.34216871187188
27
3,5
1 42811U 17039J   21126.29659484  .00000099  00000-0  28144-4 0  9996
2 42811  86.3951  85.7689 0002710  72.6356 287.5136 14.34220507202253
28
3,6
1 42957U 17061C   21126.91818728  .00000078  00000-0  20636-4 0  9994
2 42957  86.3953  85.5418 0002563  75.1216 285.0264 14.34216419187145
29
3,7
1 42959U 17061E   21126.91184375  .00000081  00000-0  21990-4 0  9998
2 42959  86.3954  85.5777 0002545  81.2297 278.9187 14.34216731187178
30
3,8
1 42963U 17061J   21126.90549209  .00000021  00000-0  52944-6 0  9992
2 42963  86.3955  85.6126 0002336  80.0011 280.1449 14.34215627187205
31
3,9
1 42962U 17061H   21126.89915778  .00000083  00000-0  22508-4 0  9996
2 42962  86.3954  85.5831 0002620  83.4041 276.7453 14.34219990187192
32
3,10
1 42964U 17061K   21126.89278969  .00000022  00000-0  72734-6 0  9993
2 42964  86.3960  85.6449 0002279  81.6021 278.5433 14.34213672187217
33
3,11
1 42955U 17061A   21126.95624708  .00000084  00000-0  22754-4 0  9999
2 42955  86.3954  85.5666 0002515  78.6597 281.4881 14.34216566187144
34
4,1
1 42812U 17039K   21126.88305397  .00000073  00000-0  18844-4 0  9991
2 42812  86.4001  53.9837 0002369  81.7668 278.3796 14.34216181202185
35
4,2
1 43929U 19002H   21126.87669833  .00000071  00000-0  18419-4 0  9996
2 43929  86.4009  54.0334 0002444  88.5431 271.6044 14.34219530121312
36
4,3
1 43931U 19002K   21126.87036618  .00000076  00000-0  20225-4 0  9991
2 43931  86.3999  53.9431 0002686  99.3598 260.7902 14.34214870121314
37
4,4
1 42809U 17039G   21126.86400690  .00000076  00000-0  20216-4 0  9996
2 42809  86.4001  53.9744 0002276  81.7248 278.4206 14.34220003202319
38
4,5
1 42804U 17039B   21126.29952075  .00000080  00000-0  21491-4 0  9998
2 42804  86.4000  54.2082 0002446  82.8713 277.2761 14.34219744202223
39
4,6
1 43922U 19002A   21126.29317779  .00000081  00000-0  21814-4 0  9998
2 43922  86.3998  54.1867 0002757 105.1432 255.0069 14.34219905121260
40
4,7
1 43924U 19002C   21126.84499636  .00000072  00000-0  18606-4 0  9999
2 43924  86.4003  53.9808 0002444  89.0544 271.0932 14.34216532121326
41
4,8
1 42808U 17039F   21126.83864093  .00000034  00000-0  52305-5 0  9992
2 42808  86.4000  53.9629 0002071  74.3683 285.7741 14.34215362202321
42
4,9
1 43925U 19002D   21126.55323335  .00000077  00000-0  20590-4 0  9990
2 43925  86.3999  54.0675 0002320  89.2451 270.9010 14.34218637121262
43
4,10
1 43927U 19002F   21126.89573627  .00000080  00000-0  21335-4 0  9992
2 43927  86.3999  53.9265 0002395  90.9458 269.2012 14.34216940121320
44
4,11
1 42807U 17039E   21126.88938880  .00000074  00000-0  19422-4 0  9998
2 42807  86.4001  53.9678 0002451  89.0586 271.0891 14.34218728202303
45
5,1
1 42805U 17039C   21126.80985821  .00000086  00000-0  23511-4 0  9992
2 42805  86.4011  22.4703 0002224  72.9786 287.1653 14.34216652203526
46
5,2
1 43074U 17083E   21126.80351450  .00000079  00000-0  21309-4 0  9990
2 43074  86.4018  22.4310 0002412  91.9732 268.1740 14.34216848176484
47
5,3
1 43070U 17083A   21126.44832952  .00000081  00000-0  21870-4 0  9993
2 43070  86.4016  22.5566 0001852  93.4235 266.7173 14.34217578176445
48
5,4
1 43072U 17083C   21126.79082991  .00000082  00000-0  22296-4 0  9997
2 43072  86.4015  22.4215 0002296  91.6753 268.4705 14.34217093176514
49
5,5
1 43076U 17083G   21126.43564333  .00000086  00000-0  23731-4 0  9996
2 43076  86.4020  22.6248 0002405  92.0746 268.0726 14.34217717176467
50
5,6
1 43077U 17083H   21126.42929943  .00000081  00000-0  21794-4 0  9990
2 43077  86.4015  22.5610 0002420  84.3061 275.8411 14.34217301176461
51
5,7
1 43075U 17083F   21126.77179934  .00000075  00000-0  19754-4 0  9999
2 43075  86.4018  22.4260 0001954  79.3881 280.7534 14.34217707176446
52
5,8
1 43079U 17083K   21126.83522898  .00000082  00000-0  22175-4 0  9990
2 43079  86.4021  22.4526 0002313  80.1029 280.0427 14.34215885176453
53
5,9
1 43073U 17083D   21126.82887488  .00000068  00000-0  17376-4 0  9993
2 43073  86.4023  22.4977 0002406  82.6579 277.4890 14.34215283176466
54
5,10
1 43071U 17083B   21126.82253660  .00000079  00000-0  21261-4 0  9990
2 43071  86.4005  22.2598 0002310  80.6617 279.4840 14.34219470176487
55
5,11
1 42803U 17039A   21126.46735918  .00000091  00000-0  25486-4 0  9991
2 42803  86.4022  22.5888 0002271  75.5573 284.5875 14.34215695203484
56
6,1
1 43250U 18030B   21126.67321672  .00000188  00000-0  60141-4 0  9995
2 43250  86.3982 350.8655 0001768  89.3072 270.8326 14.34215357162489
57
6,2
1 43249U 18030A   21126.31805489  .00000085  00000-0  23185-4 0  9990
2 43249  86.3983 351.0269 0001779  82.4768 277.6630 14.34217037162413
58
6,3
1 43078U 17083J   21126.73032020  .00000097  00000-0  27470-4 0  9990
2 43078  86.3985 350.8718 0002813  74.9283 285.2224 14.34218702177611
59
6,4
1 43257U 18030J   21126.16583151  .00000085  00000-0  23253-4 0  9997
2 43257  86.3984 351.1293 0001954  84.2150 275.9268 14.34218575162417
60
6,5
1 43255U 18030G   21126.36878673  .00000085  00000-0  23309-4 0  9995
2 43255  86.3984 351.0307 0002269  93.5365 266.6090 14.34220260162460
61
6,6
1 43252U 18030D   21126.64151921  .00000086  00000-0  23711-4 0  9991
2 43252  86.3983 350.9048 0001334  75.6781 284.4563 14.34214894162516
62
6,7
1 43258U 18030K   21126.35610289  .00000089  00000-0  24638-4 0  9994
2 43258  86.3987 351.0654 0001691  96.7211 263.4178 14.34219056162377
63
6,8
1 43253U 18030E   21126.76837272  .00000087  00000-0  23993-4 0  9998
2 43253  86.3982 350.8307 0001375 121.7916 238.3414 14.34217712162460
64
6,9
1 43251U 18030C   21126.34341463  .00000073  00000-0  19065-4 0  9992
2 43251  86.3982 351.0150 0002483  89.1213 271.0267 14.34215456162413
65
6,10
1 43256U 18030H   21126.33707869  .00000082  00000-0  22336-4 0  9997
2 43256  86.3982 351.0018 0002081  89.8930 270.2504 14.34215783162416
66
6,11
1 43254U 18030F   21126.74933489  .00000081  00000-0  22031-4 0  9990
2 43254  86.3983 350.8554 0001939  95.7215 264.4202 14.34220388162473